sharpe: -0.056141024845350516
calmar: -72.30077539016003
winrate: 0.4665371711107187
max_drawdown: -20.467671294571748
volatility: 8.474576926466844
total_return: -1479.8285050284578
